Letras a Binario

Frase 1: “Empezamos el primer trimestre en IVN 2024.”

01000101 01101101 01110000 01100101 01111010 01100001 01101101 01101111 01110011 00100000 01100101 01101100 00100000 01110000 01110010 01101001 01101101 01100101 01110010 00100000 01110100 01110010 01101001 01101101 01100101 01110011 01110100 01110010 01100101 00100000 01100101 01101110 00100000 01001001 01010110 01001110 00100000 00110010 00110000 00110010 00110000 00101110

Frase 2: "Manuel Jose Santos Mendez"

01001101 01100001 01101110 01110101 01100101 01101100 00100000 01001010 01101111 01110011 01100101 00100000 01010011 01100001 01101110 01110100 01101111 01110011 00100000 01001101 01100101 01101110 01100100 01100101 01111010

